[-0.25091976  0.90142861  0.46398788  0.19731697 -0.68796272 -0.68801096]
[-0.88383278  0.73235229  0.20223002  0.41614516 -0.95883101  0.9398197 ]
[ 0.66488528 -0.57532178 -0.63635007 -0.63319098 -0.39151551  0.04951286]
[-0.13610996 -0.41754172  0.22370579 -0.72101228 -0.4157107  -0.26727631]
[-0.08786003  0.57035192 -0.60065244  0.02846888  0.18482914 -0.90709917]
[ 0.2150897  -0.65895175 -0.86989681  0.89777107  0.93126407  0.6167947 ]
[-0.39077246 -0.80465577  0.36846605 -0.11969501 -0.75592353 -0.00964618]
[-0.93122296  0.8186408  -0.48244004  0.32504457 -0.37657785  0.04013604]
[ 0.09342056 -0.63029109  0.93916926  0.55026565  0.87899788  0.7896547 ]
[ 0.19579996  0.84374847 -0.823015   -0.60803428 -0.90954542 -0.34933934]
[-0.22264542 -0.45730194  0.65747502 -0.28649335 -0.43813098  0.08539217]
[-0.71815155  0.60439396 -0.85089871  0.97377387  0.54448954 -0.60256864]
[-0.98895577  0.63092286  0.41371469  0.45801434  0.54254069 -0.8519107 ]
[-0.28306854 -0.76826188  0.72620685  0.24659625 -0.33820395 -0.8728833 ]
[-0.37803536 -0.34963336  0.45921236  0.27511494  0.77442549 -0.05557015]
[-0.76081151  0.42648957  0.5215701   0.1225544   0.54193436 -0.01240881]
[ 0.04546566 -0.14491796 -0.94916175 -0.78421715 -0.93714163  0.27282082]
[-0.37128804  0.01714138  0.81513295 -0.50141554 -0.17923415  0.51110228]
[-0.54240367 -0.84604018 -0.42049709 -0.67755743  0.8593953   0.61624076]
[ 0.26680751  0.74292118  0.60734415 -0.62685988  0.785118    0.07868448]
[ 0.61488031  0.7921826  -0.36399305 -0.77989615 -0.54412967 -0.14578442]
[ 0.63602953  0.72146117 -0.98609574  0.02149461 -0.16517799 -0.55578438]
[-0.76026927 -0.32476966  0.88581941 -0.35359414  0.03758124  0.40603792]
[-0.2727408   0.94356417  0.92489459 -0.49643541 -0.00550299 -0.39824338]
[-0.43031901 -0.92622611  0.21912867  0.00535805 -0.8970425  -0.44270707]
[ 0.81653177 -0.52087622 -0.71021026 -0.02109448  0.97130091 -0.51588946]
[ 0.34427109  0.52323923 -0.52472491  0.4564327  -0.26443373  0.26461166]
[ 0.26705942  0.07154937 -0.81942046  0.67060499 -0.35843987 -0.62696298]
[-0.91844972  0.18178589  0.35512872 -0.96682434  0.02418612 -0.54700845]
[ 0.29034558 -0.65126714  0.38187548 -0.22652931  0.87345998 -0.72495811]
[-0.3178673  -0.77305296  0.84938724  0.75467871 -0.48411674  0.31996809]
[ 0.6344444   0.11040162  0.05930116 -0.51629542 -0.81379446  0.79443152]
[ 0.80083611  0.26620291 -0.32194042 -0.30158085  0.45191136  0.79422052]
[ 0.77417285  0.55975109  0.28406329 -0.83172007 -0.67674257  0.79710838]
[ 0.21285812 -0.9816059  -0.79705691  0.32700354 -0.98987683 -0.6783839 ]
[ 0.09746758  0.3837904   0.30392252 -0.55146138  0.42435844 -0.52550183]
[-0.3492006   0.49298281  0.2992658   0.69844682  0.31522578  0.13661721]
[-0.81265046 -0.26456839 -0.46959526 -0.51202071  0.94602111 -0.21380455]
[ 0.78409311  0.26227725  0.58962261  0.00527419  0.15380777 -0.01496461]
[-0.60951402  0.44490423 -0.43845528 -0.95136807  0.29094459 -0.64577864]
[ 0.88091717  0.90785715  0.82972878 -0.2596826  -0.96908677  0.85663713]
[-0.1436317   0.93330964  0.92723995  0.70601891 -0.41110222 -0.22980454]
[ 0.70227334 -0.36615599 -0.66101451  0.11360252  0.87230955  0.39205959]
[ 0.14012234 -0.80564701  0.23001445  0.9801077  -0.71983197  0.0366593 ]
[ 0.75474614  0.48153724  0.39403148  0.40496817 -0.2810177  -0.41281631]
[0.61872231 0.62022679 0.73414464 0.82648111 0.0226848  0.00303259]
[ 0.59659036  0.29992786  0.40393375  0.59158534  0.78001068 -0.32400969]
[-0.24883409 -0.81203612  0.15656028 -0.92811545 -0.06880396  0.08528927]
[-0.4269175   0.18166652 -0.9389995  -0.92530362  0.64520112 -0.27961872]
[-0.74587897  0.04448652  0.53998711 -0.56835795  0.24578095 -0.82930507]
[-0.89663656  0.06270926  0.08127024  0.2748598   0.45218267  0.95170416]
[ 0.0326007  -0.35408705  0.59037239 -0.4583355  -0.12205716 -0.84308724]
[-0.94929851  0.92529683  0.67196024  0.39194841 -0.18209411 -0.65341136]
[-0.68712591 -0.4995142   0.09845333  0.42919185  0.32039475 -0.44013221]
[ 0.90973056  0.47579383  0.10870811  0.22344149 -0.16079988 -0.50453802]
[-0.28805464  0.51569222 -0.97121302 -0.76785472 -0.90799472 -0.9185424 ]
[ 0.71092117  0.40731572 -0.05165234 -0.80433168 -0.01676825 -0.05305646]
[-0.65359626 -0.1322967  -0.20299053  0.2317002   0.2701873  -0.90939198]
[-0.25077477  0.25171983  0.00627252  0.71297968  0.31738726 -0.67413115]
[-0.85886251  0.28483856 -0.94697738  0.17155116  0.88046048  0.15094836]
[-0.22366015  0.28657644 -0.08349422  0.09123358  0.88292962 -0.22779472]
[ 0.92238113  0.81070128 -0.60841773 -0.8612774  -0.798444   -0.96355635]
[-0.81111408  0.36601355 -0.8576227  -0.36204874  0.68975062 -0.95345613]
[ 0.62893697 -0.43629045 -0.76367034  0.39347433  0.25788569  0.75494403]
[ 0.47014209  0.60696186 -0.43593085 -0.64512091  0.5012295   0.61366948]
[ 0.98101028 -0.17476465 -0.25596383  0.55282592 -0.31839292  0.86151465]
[ 0.7168255  -0.14201195  0.50174214  0.50908575 -0.79375226  0.80510581]
[ 0.01050474  0.65291493 -0.3599008   0.79104646 -0.22159664 -0.9783247 ]
[ 0.81076395 -0.81742665 -0.36137272  0.90012393  0.90121429  0.14687578]
[ 0.26367442 -0.10310896 -0.41357846 -0.34267091  0.34503691  0.50474906]
[ 0.58315809  0.57923629 -0.81758779 -0.01115939 -0.88488248  0.09905776]
[-0.116939    0.77540837 -0.29816997 -0.76586597 -0.71401664  0.52302126]
[ 0.23643613 -0.79775465 -0.83178639  0.40193826 -0.85447399  0.64372012]
[ 0.41248445 -0.83730244 -0.83032457  0.97327916 -0.25145841 -0.25871571]
[ 0.62559913  0.89449715  0.97200213  0.50675637 -0.24748083 -0.83299857]
[ 0.55429383  0.1168085  -0.15155598  0.81270877 -0.77760504 -0.01474979]
[-0.97729271 -0.06267872 -0.88739345 -0.76236417 -0.76494751  0.2984206 ]
[ 0.49208976  0.16673753  0.9243451  -0.25025884 -0.42857583  0.73719826]
[-0.55280832  0.92644508 -0.97569105  0.93975765 -0.91368018  0.78228623]
[ 0.05540222  0.98592959 -0.85240687  0.10770857  0.93860507  0.04619569]
[ 0.25879728  0.39149738 -0.09091787  0.25511616  0.16862862  0.80231602]
[-0.90910724 -0.43807362  0.90082297  0.78052757 -0.08868649  0.2402652 ]
[-0.44523763 -0.62375768 -0.07260319 -0.29329554  0.16731222 -0.84453073]
[ 0.94878962  0.97242149  0.39632343  0.07219273 -0.38094477  0.62759004]
[ 0.36946235 -0.67476612  0.82185437  0.64507449  0.89959983  0.45143902]
[ 0.22683039 -0.16351393  0.86545697  0.73212778 -0.90956266 -0.94726605]
[-0.24707327  0.62110666  0.97455226 -0.69916622  0.18826143 -0.23821829]
[ 0.9398288   0.68423785  0.67665741 -0.06261368 -0.170361   -0.45318586]
[-0.88724901  0.72944475  0.62580202  0.99943535  0.99327367  0.11086341]
[ 0.53797483  0.88953146  0.69929478 -0.5053038  -0.09891173 -0.74168117]
[ 0.90810205  0.21234927 -0.54271439  0.34340137  0.23625648 -0.28367456]
[-0.77288482  0.34314639  0.0406154   0.54463678  0.040327    0.704363  ]
[ 0.10381368  0.12187594  0.75330721 -0.19303427 -0.73196954 -0.94243465]
[ 0.51027451  0.2406191   0.40815954 -0.57407168 -0.72725705 -0.97091067]
[-0.29882488  0.17983537 -0.21551191 -0.12505016  0.80831739 -0.30348907]
[ 0.02797898  0.56730603 -0.20691444  0.2441734   0.72472742  0.89904125]
[-0.70585304  0.85317525 -0.01576741 -0.48351122 -0.08172849  0.96006515]
[-0.01476381 -0.34249678  0.26680171 -0.51970876 -0.84827334 -0.74224056]
[-0.74390832 -0.69619461 -0.72234565  0.28174949 -0.63623983 -0.30866543]
[ 0.79357682 -0.05207672  0.33511548 -0.65536026 -0.61542196 -0.91826277]
[-0.66212987 -0.44281932 -0.64597903 -0.82259493 -0.75872826 -0.07844246]
[-0.58733256 -0.27146028  0.00683454  0.38078966 -0.92137572  0.5988208 ]
[ 0.25580078 -0.83648194  0.74715725  0.8417448  -0.87784408 -0.4462447 ]
[ 0.61240256  0.49651938 -0.63095796 -0.58130135 -0.25905579 -0.03095403]
[ 0.23650954 -0.26217272 -0.07493057  0.49494188 -0.92663359 -0.49512611]
[ 0.42669917  0.79041368  0.02335488  0.06422697 -0.78565598 -0.10517527]
[ 0.06523453 -0.51505899 -0.46151354 -0.24543167 -0.9598576  -0.35584167]
[-0.57710399 -0.3450053  -0.76047574  0.78105456  0.18718491  0.35820464]
[ 0.57834248 -0.0031156  -0.82615942  0.07421308  0.17368224  0.49087895]
[-0.13668091 -0.74483939 -0.43244819 -0.27383541  0.29183448  0.14155661]
[-0.28780655  0.9730305   0.21154964 -0.52554642 -0.79643505 -0.69428172]
[-0.50808454 -0.67863725 -0.62686595 -0.42980966 -0.65325281  0.79353085]
[-0.83953251  0.04902278 -0.17920635  0.96475723 -0.7759222  -0.2042888 ]
[ 0.93894087  0.73101425  0.63414414 -0.48419435 -0.65822483  0.33728644]
[ 0.85875198  0.11352579  0.14322538 -0.44004181  0.53898587 -0.6259125 ]
[-0.35264153 -0.14912712  0.01522076 -0.51518054 -0.77032635  0.22124008]
[-0.42273889  0.16247644 -0.69127457 -0.0377198   0.06517887 -0.89635293]
[-0.32679144 -0.73117065 -0.87325006  0.97992046 -0.35529231  0.61974889]
[-0.49071869  0.36300544  0.52045572  0.19127748 -0.05684762 -0.17631817]
[-0.30226347  0.85905829  0.66123882  0.93005382 -0.75140555  0.46173495]
[ 0.87668091 -0.63753387 -0.86700747  0.4822413   0.14894623  0.68365755]
[-0.72045525  0.59053462 -0.59674536 -0.67268811 -0.6714684   0.62914944]
[ 0.33039444  0.04613085 -0.28233903  0.75440108 -0.21510979  0.63319888]
[-0.12173018 -0.24611114 -0.07464043 -0.39724425  0.49521876  0.00544078]
[-0.53557461  0.79914915 -0.23221756  0.08710572  0.81294422  0.24847599]
[-0.76620392  0.87966425  0.25541611 -0.33018877 -0.72145585  0.58805038]
[ 0.24014551  0.06692218  0.78778517  0.57719442 -0.69665024 -0.37655586]
[-0.50302172  0.48789259 -0.93293513  0.13977937  0.52491737  0.75353127]
[-0.3158365   0.64251461 -0.77873653  0.69290458 -0.74502268 -0.20542542]
[ 0.59459073 -0.70016515 -0.54149721  0.44450514  0.44007307  0.28229527]
[ 0.38789689  0.08544889 -0.49640188 -0.30860801 -0.63680457  0.81690112]
[ 0.16678359 -0.19829717 -0.07598839  0.89456668 -0.69329719  0.17245966]
[ 0.01177736  0.22290847 -0.96377963  0.74424782  0.86423656  0.13026637]
[ 0.39330165  0.84499876  0.41447727 -0.69492191  0.15257672  0.21343009]
[-0.15173866  0.47288847  0.86873403  0.85113703 -0.09832126 -0.77352391]
[ 0.9696824   0.67779617 -0.75067464  0.84168377  0.73979272  0.03767611]
[ 0.18255087 -0.20199459 -0.89047672 -0.32960552  0.6057069  -0.99073595]
[-0.33300166 -0.20366261  0.07479121  0.83971123 -0.30730801 -0.3060936 ]
[ 0.4750025  -0.09556412 -0.55079035 -0.09512097 -0.71828596 -0.64722603]
[-0.00326445 -0.1621491   0.8296918  -0.2752122   0.1611767   0.26452858]
[-0.97381109  0.32707474 -0.64392807  0.92214063 -0.70267454 -0.17075175]
[-0.82930066  0.9937485   0.00439002  0.19077003 -0.86584705  0.49992094]
[-0.58018881  0.79610858 -0.58972072 -0.61862456 -0.92690066 -0.05586611]
[ 0.12968227 -0.86858272  0.55105523 -0.09342233  0.04878054 -0.11847451]
[-0.19847388  0.11928066 -0.68951951 -0.63614374  0.72357124  0.89223092]
[-0.25338137 -0.45851065  0.28799909 -0.18253166 -0.94922729 -0.68769481]
[ 0.43194446  0.31784788 -0.94580801 -0.55605568 -0.53785041  0.34378549]
[-0.96057892 -0.79178284  0.59983217 -0.64291068  0.30549222 -0.52363444]
[-0.80111721 -0.51365562  0.44453386  0.71139294  0.66043973 -0.20563294]
[ 0.33617027 -0.59003141 -0.41370454  0.79267164 -0.97399615 -0.82898294]
[-0.58422749 -0.94693559 -0.63712913  0.16608312 -0.1571509   0.78534342]
[ 0.63488712 -0.3163653  -0.48115313 -0.24061518  0.18058989 -0.46387272]
[ 0.24829782 -0.1811767   0.10409436 -0.12774694 -0.41106848  0.89690661]
[ 0.52721159 -0.71977365  0.73693595 -0.0251376   0.78910445  0.59971051]
[-0.14957299 -0.95506138 -0.46264528  0.08326843  0.26695644 -0.48422463]
[-0.72128785  0.66986047  0.96880436  0.05138036 -0.65664143 -0.45538535]
[-0.96321865  0.82859761 -0.76449783  0.15303295 -0.45188956  0.10835601]
[ 0.30284078  0.65948361 -0.58715746 -0.97800834 -0.72622874  0.80003728]
[ 0.74778016  0.1948262   0.20103372  0.33007335 -0.64925744  0.82882389]
[-0.16245895 -0.23372294  0.03783541 -0.90606807 -0.66743326  0.47606723]
[-0.83440266  0.20630422 -0.50930178 -0.22140877 -0.42261253 -0.28865457]
[ 0.43809181 -0.40575657  0.13280928 -0.0478992   0.32734233  0.87365948]
[ 0.46514419 -0.57011924 -0.93763373 -0.47547191  0.19015586 -0.89714837]
[-0.00726751  0.1936857  -0.33151222  0.54182441 -0.78680349 -0.84972444]
[ 0.45637751 -0.00901737  0.37680479 -0.13034532 -0.50719593  0.63820464]
[ 0.59883176  0.38939294 -0.45570973  0.18046133 -0.27805221 -0.81683585]
[ 0.83462715 -0.72636274  0.90047471 -0.10798845 -0.62973414  0.08380189]
[0.74589167 0.46444977 0.6131223  0.31756673 0.38455313 0.6983913 ]
[-0.50066398 -0.02115007 -0.55758112  0.97533602  0.88811868 -0.92114638]
[ 0.41115035  0.85049663 -0.63884931  0.13589046  0.8309766  -0.93210804]
[ 0.39484053 -0.40530199  0.84879239  0.94211649  0.88853298 -0.05157157]
[ 0.7240853   0.6890988  -0.36179905  0.65783095 -0.92598473  0.19253976]
[-0.53998233 -0.75886623 -0.8460936   0.39257755 -0.32025007  0.44953354]
[-0.86928732 -0.36941932  0.07898258  0.58144633 -0.36249499  0.25178275]
[ 0.7719555   0.23172638 -0.53408105 -0.95119844  0.74019775 -0.95746118]
[ 0.74940335  0.05787427  0.8781354   0.59756647  0.99586822 -0.29857637]
[ 0.53437658 -0.19613817 -0.04024876  0.25501093  0.74735423  0.96816694]
[ 0.53654683 -0.16446644 -0.157286    0.4751646  -0.52244571 -0.77905177]
[-0.29075568 -0.42552202 -0.40738376 -0.5327845  -0.91581362 -0.96425213]
[ 0.97544478 -0.14445373 -0.23134671  0.35929457 -0.56349222  0.89992237]
[ 0.57269003 -0.821178   -0.16483845  0.75823662  0.88946404 -0.06519698]
[ 0.22682278 -0.66593211  0.98233725 -0.5366566   0.88546355  0.2992933 ]
[ 0.21547359  0.02537702 -0.53866038 -0.64694394 -0.55902758 -0.62712348]
[ 0.55916895 -0.29974948 -0.88431465  0.93820526  0.76757177  0.85550457]
[ 0.98981565 -0.6522095  -0.20751596  0.51647695  0.39204124 -0.69220819]
[ 0.63166625 -0.55111886 -0.55236477  0.07394885  0.18587987  0.16017242]
[-0.81702633  0.75492173 -0.46879991 -0.74097016  0.77749616  0.911303  ]
[ 0.72425523  0.61903215  0.31048396  0.10171474 -0.82602648 -0.18309357]
[-0.25462297 -0.48049243  0.44684023 -0.00824853 -0.83790757 -0.5596336 ]
[ 0.36651753 -0.84773828  0.70241383 -0.00970695 -0.03882685  0.18481557]
[ 0.64936193 -0.30438158  0.35603231  0.13146393 -0.46594346  0.75725997]
[0.59485204 0.31690367 0.70116346 0.7345884  0.41672595 0.67402666]
[ 0.39494292  0.36028154  0.23722276  0.50543328 -0.68278979  0.76174152]
[ 0.74368706 -0.94150543  0.6516335  -0.74226027 -0.32976229  0.48701651]
[-0.67848021  0.63593405  0.66426836  0.01493547 -0.98722826 -0.42592373]
[ 0.23385384  0.96237236  0.26362705 -0.48039284  0.26801141  0.07997076]
[ 0.55969079 -0.78603872  0.52205581  0.08253316  0.92598401 -0.31625567]
[ 0.26524379  0.86405621 -0.79498054  0.87445697  0.37577144 -0.86432588]
[-0.39807287  0.41634418 -0.8652988   0.16434092 -0.30823389  0.24183104]
[-0.90851593  0.74307361  0.94697794  0.93775571  0.49930366 -0.73982752]
[ 0.51652639 -0.95082617 -0.9557529  -0.35277956 -0.02271362  0.54081484]
[ 0.36659075 -0.10819459 -0.45274667  0.994249   -0.1476374  -0.09722595]
[-0.67275236  0.5896191   0.38736445 -0.55846077 -0.83523791  0.3609986 ]
[ 0.30902243 -0.45348095  0.90172712 -0.69788422 -0.1353304   0.88723184]
[-0.16054537  0.2770519  -0.2048112  -0.4515696   0.9679553  -0.18133199]
[ 0.78819841 -0.54009079 -0.57379059 -0.93773183  0.30333365 -0.26294731]
[ 0.7287165  -0.05358019  0.93638686 -0.62894897  0.73724634  0.55319371]
[ 0.54184369  0.68956646  0.52204798  0.25244064 -0.73751024 -0.93494764]
[ 0.8416957   0.23330063  0.59307458 -0.0369553  -0.76538362 -0.74962842]
[ 0.37113057 -0.13938821 -0.59895055 -0.01681091 -0.87158213  0.1639428 ]
[-0.46201319  0.5951182  -0.37927608 -0.0895597  -0.97675892 -0.85510622]
[-0.21501289 -0.04012233  0.2000411  -0.41667484  0.38996377  0.72024479]
[ 0.55970198 -0.92076235 -0.03898611 -0.79013964 -0.51590997  0.97332519]
[-0.71500891 -0.00222369  0.23631147  0.40492994  0.11929737 -0.98045831]
[-0.34707738  0.03542329 -0.824267   -0.29874614 -0.93359378 -0.84284301]
[-0.20615345 -0.73456849  0.1350817   0.37892994  0.6011734  -0.59969951]
[-0.66503484 -0.79086432  0.2728605   0.41295145 -0.93682771  0.87242449]
[-0.89605743  0.08259267  0.41812104  0.74193825  0.42817386  0.60345617]
[-0.32109961  0.62965023 -0.83977031  0.78963331  0.09518475  0.63459554]
[-0.09536343  0.28715539  0.05280532  0.46317904 -0.83674004 -0.87929583]
[-0.50579353 -0.68091064  0.74356713 -0.56157203  0.95173051 -0.32620842]
[-0.63576417  0.57939701  0.31741555 -0.00360857  0.1107271   0.43840356]
[-0.54309052  0.99266783  0.94958632  0.30065137 -0.6009151   0.36045648]
[-0.85560318 -0.938695   -0.48463422 -0.07475409  0.73654501  0.45433814]
[ 0.48541304 -0.14901333 -0.30813001 -0.25792247  0.97529913 -0.91978162]
[ 0.73406299  0.15735082 -0.12276916  0.45051532 -0.02666212  0.74684648]
[ 0.80140373 -0.15655815 -0.44634441  0.18470066  0.82472669 -0.57867562]
[ 0.24593317  0.26312044  0.46622604 -0.73686463  0.43164993  0.81806504]
[-0.64063378 -0.52491335  0.94279019 -0.63804609  0.70877019 -0.01544429]
[-0.50553785  0.7414998  -0.10938949  0.02963471 -0.28153326  0.1859017 ]
[-0.67295225 -0.21783693  0.93882464 -0.48373313  0.31347333 -0.34961987]
[ 0.54694625 -0.73825268  0.93964209 -0.09242092 -0.52789907 -0.85300651]
[-0.66048419  0.0395479  -0.32599365  0.65776673 -0.13822495 -0.50257145]
[ 0.23428997  0.41355443 -0.66591618 -0.66476157 -0.92665715  0.47280403]
[ 0.32760906 -0.05073825  0.6883409   0.61134031  0.17070873  0.73654256]
[-0.58831758 -0.77616076 -0.46050078 -0.88582629  0.06233906  0.87321138]
[-0.92131292 -0.75578017 -0.09560194  0.86775004 -0.36768779  0.01446962]
[-0.91685428 -0.7033136   0.97326025  0.93023739 -0.99012004  0.90362357]
[ 0.27823988  0.73583659 -0.09052029  0.03119206 -0.02230684  0.33372852]
[-0.72069749 -0.94005282 -0.38414012  0.40936153 -0.5962931   0.34686487]
[ 0.93982409 -0.81219857  0.34520424 -0.11249956  0.73628451 -0.64570042]
[ 0.3852519   0.67623058  0.88922844  0.36649606 -0.00565047  0.23569448]
[ 0.73780997  0.14121949 -0.93922588  0.86189739  0.3790535   0.35302677]
[-0.5686497   0.31777094 -0.21227119  0.30246595 -0.78681394  0.31569061]
[ 0.99882745 -0.90357592  0.95434837 -0.18618408  0.7415069   0.56477097]
[ 0.13403252  0.47689842  0.75703112 -0.19171936 -0.34593368  0.33518677]
[ 0.61569188  0.52457027  0.5956273  -0.12883337  0.63566843 -0.75958189]
[ 0.0889782  -0.98848268 -0.35082834 -0.26707693 -0.20765462  0.39093441]
[-0.2228838  -0.10261275 -0.52491174 -0.25349642 -0.54546075 -0.85360815]
[ 0.20689719  0.3364256   0.23898069 -0.07301191 -0.24042844  0.7266673 ]
[ 0.03816357 -0.04163624 -0.94871587 -0.31750434 -0.23960876 -0.20235444]
[0.16034474 0.06720509 0.21581019 0.52976652 0.62597148 0.43624615]
[ 0.91104739 -0.96353483 -0.60844403 -0.98487425  0.29494943  0.7960611 ]
[-0.51303541  0.85406909 -0.87946522  0.86887205 -0.29675463 -0.79715834]
[-0.02825648 -0.48644686 -0.4302542  -0.38542007  0.6060518   0.07832255]
[-0.3773846   0.22066757  0.43230135 -0.454752   -0.1729018  -0.75622781]
[-0.6377013   0.36223571 -0.6371233   0.05032677  0.41809252 -0.78624615]
[ 0.13462444 -0.48687443  0.92585375 -0.03290871  0.6119851   0.10045308]
[-0.91317493  0.26630275  0.90280668  0.20322364  0.63837772  0.76841293]
[-0.54384046 -0.57591032  0.22196198 -0.17794306  0.67972261  0.80004625]
[-0.29315724 -0.52625888  0.56105103 -0.45038793  0.64522864 -0.15252349]
[ 0.3350998  -0.80892937  0.24771865 -0.09646464  0.17321693 -0.66397158]
[ 0.47374749  0.72559416 -0.5665204  -0.80857089 -0.95272283  0.283943  ]
[ 0.21418807  0.09339483 -0.53610581 -0.21818801  0.18895267 -0.00646628]
[ 0.97557104 -0.72712049  0.39028911 -0.19136246 -0.14360077  0.43519553]
[ 0.3848723   0.98251199 -0.74321142 -0.7917807   0.44867763  0.15677383]
[-0.45167867 -0.84116126 -0.8286835   0.78838175 -0.61626535 -0.35325688]
[-0.5466872  -0.29000739 -0.86115231  0.03811958 -0.86477487  0.60071302]
[-0.53257584  0.08002383  0.76015818  0.30175474  0.06591557 -0.35133249]
[-0.33399617  0.33897391  0.98827872  0.32367838  0.11556683  0.46130102]
[-0.06958878 -0.87971531  0.12459363  0.91525057 -0.64939412  0.38000978]
[-0.59813262  0.07165537 -0.8066471  -0.09925813  0.51232666 -0.30485695]
[ 0.32982345  0.59089992  0.85435564 -0.53071584 -0.20136817 -0.69516797]
[0.984967   0.85400194 0.07991426 0.68406659 0.04191595 0.24717138]
[-0.82175114  0.51054084 -0.74457303  0.65213526  0.56405618  0.4174894 ]
[-0.92767924 -0.39374329 -0.47377486 -0.27972719 -0.82471451  0.87391565]
[ 0.10760448 -0.38895138 -0.20603697 -0.10559492  0.20118867  0.03135886]
[ 0.83878395 -0.00607303  0.98431603  0.70284992 -0.58297897  0.86119043]
[-0.7672672   0.63489942 -0.23875341  0.75594864  0.73611338  0.6118508 ]
[ 0.58006087 -0.39064172 -0.83816143 -0.19403964 -0.65295097  0.38990218]
[-0.30780055  0.9512204   0.28194415  0.64496113 -0.73495065  0.72402896]
[ 0.84551438 -0.02587616  0.21250588  0.5296196  -0.65032275  0.00513215]
[-0.20267394 -0.70725202 -0.26493116 -0.86365538 -0.94837619 -0.72966742]
[ 0.92623022  0.09905907  0.93164432 -0.13500424 -0.37636773  0.01228373]
[-0.12097662 -0.78867063  0.28165263 -0.56792363  0.23917591  0.30040218]
[-0.69595029 -0.87730075  0.56152317 -0.08039915 -0.88367241  0.98973263]
[-0.88443888  0.39007046  0.96735785 -0.52163979 -0.71550126 -0.75723012]
[-0.3934497  -0.79790838  0.38432268 -0.8754164   0.01884426  0.99339371]
[ 0.62794054  0.23043888 -0.38749276  0.24779167  0.05408293 -0.14783323]
[-0.73857925  0.77320843 -0.1004307  -0.61075498 -0.2644813  -0.17174049]
[ 0.65507579  0.46722876  0.53860979 -0.97793747 -0.167692   -0.0373117 ]
[-0.96161545 -0.48037358  0.52057965 -0.72578059  0.07062026 -0.56959626]
[-0.97575845 -0.51759708  0.95174751  0.60307422  0.91915329 -0.02429191]
[-0.7805276   0.09591898 -0.09124533  0.68871417 -0.80383484 -0.02351773]
[-0.69990267 -0.35064815  0.47471415 -0.04796374 -0.24822343 -0.21104744]
[-0.08110646  0.57003309  0.78416938  0.91066937  0.57380677 -0.36918621]
[ 0.37626941 -0.12479375 -0.49065876  0.68174316 -0.9231473   0.80352398]
[-0.07704507  0.27440295  0.31870784  0.79023548  0.27333936  0.22786717]
[-0.86669592  0.03681604 -0.699662    0.47486754  0.02444384  0.36045556]
[-0.9166542  -0.83041597  0.43264678 -0.85583133 -0.85748654 -0.97578305]
[ 0.9130028   0.47501672 -0.29349718 -0.40692884 -0.30059354  0.54930706]
[ 0.32274122 -0.62960886 -0.65178133 -0.8032087   0.32060544  0.52874532]
[-0.46990714 -0.95811008 -0.83565667  0.93572007 -0.40911045  0.5384463 ]
[ 0.24932714 -0.23612072 -0.58862548 -0.75722716  0.23002594  0.54926756]
[ 0.28780851  0.06060427 -0.91609755  0.93697756  0.59742838 -0.41435593]
[0.95994066 0.20376318 0.16484532 0.49614636 0.62353958 0.31295721]
[-0.74380851 -0.32346499  0.85616728 -0.55076878 -0.25566595 -0.13584623]
[-0.12119002  0.22587916  0.88615168 -0.51861458 -0.75699725 -0.60505902]
[ 0.7738498   0.29162163 -0.42818642  0.63189388  0.72273999  0.69302868]
[ 0.83785307 -0.49551796  0.51008386 -0.07892101  0.68399711  0.45698135]
[ 0.55289489  0.31232368 -0.64514246  0.09005384  0.96933948  0.87477613]
[-0.91365253 -0.67037037 -0.73654245  0.45195982  0.63557066 -0.57297727]
[0.01170539 0.68140606 0.46560309 0.08447441 0.18069538 0.01672109]
[-0.4049031   0.13004399  0.3777706   0.74664583  0.27258271  0.52224307]
[-0.67985673 -0.07688505 -0.98133676 -0.50664227  0.45292343  0.9836199 ]
[-0.8016438  -0.19701137  0.60014194 -0.59192873  0.1101699   0.46614259]
[ 0.2319709  -0.62395053 -0.28923086  0.56758357  0.10845303 -0.98954077]
[ 0.52198152 -0.92937729  0.49146757 -0.59503888  0.91614696 -0.2641185 ]
[-0.34613677 -0.7022239  -0.38879157  0.75330152  0.99266868 -0.26338094]
[-0.10277874  0.44414188  0.77239156  0.18608867 -0.2169486  -0.17475632]
[ 0.39123629 -0.99356347  0.23917867 -0.28901398  0.58839466 -0.81401872]
[ 0.17640453 -0.03805422  0.28465105 -0.87029281  0.15996757  0.12296918]
[ 0.12132019  0.20697533  0.35293587  0.609978   -0.46035856  0.65009882]
[-0.00348864 -0.84588344 -0.88289814 -0.33152336  0.56979395  0.41536187]
[ 0.57722993  0.03453811 -0.119602   -0.70509495 -0.34361449 -0.13196127]
[-0.82279914 -0.55877609  0.19645059  0.47132623  0.99669502  0.86622666]
[ 0.2851304  -0.15750389  0.27235473  0.57130324 -0.76332762 -0.18019022]
[ 0.67960457 -0.2323341   0.14374454  0.17553872 -0.63104749 -0.27552912]
[-0.33097742 -0.94760658 -0.95161647  0.66339409 -0.45385838  0.03615753]
[-0.40254885  0.88135849 -0.48140648 -0.14068637  0.7454605   0.68386713]
[-0.62779716  0.60528662 -0.08362623 -0.03406226 -0.73304006 -0.83879697]
[ 0.45587861 -0.0070777  -0.12629859  0.45901646  0.5310258  -0.68218366]
[ 0.2204503  -0.72929184  0.50275017  0.31391031  0.91322924 -0.86208397]
[-0.88589056 -0.43562585 -0.47658863 -0.5060424   0.81250916 -0.5009076 ]
[-0.45610055  0.51879652 -0.10052032  0.55342111 -0.86926768 -0.02485761]
[-0.9327728  -0.87469359  0.81287491 -0.72150926  0.06484136 -0.17780879]
[-0.30531335  0.79966669 -0.95635321  0.32757937  0.92678887  0.12033637]
[ 0.87364492 -0.89548424 -0.16241336 -0.47968442  0.46164193  0.96259418]
[-0.48693988  0.3083492  -0.60380473  0.13066051 -0.07213503  0.94401066]
[ 0.21705455 -0.30098726 -0.77180843 -0.69750634 -0.54936614 -0.49806668]
[ 0.70123212  0.12244558  0.04678182 -0.77046226  0.72027939  0.44562861]
[-0.86466328  0.41567019  0.08707643 -0.83654931 -0.08339872 -0.03060743]
[-0.66845092  0.89139629  0.69995074  0.33804467 -0.07540888 -0.17646892]
[ 0.30194693  0.09086374 -0.87545379  0.0250053   0.61280723 -0.08152024]
[-0.89608684  0.5725564  -0.59727244 -0.48275833 -0.67058729 -0.33956987]
[ 0.51350301  0.03877172 -0.59023745  0.75566016  0.75916371  0.74115685]
[-0.52240758 -0.09752131  0.96997931  0.54402495 -0.94566516 -0.86959082]
[-0.07213725  0.81844041  0.0774036  -0.00437498 -0.7890526   0.31356021]
[ 0.64420632 -0.23915998  0.5512237   0.92895331 -0.59246708  0.04665926]
[-0.42572408  0.58570884  0.15518673  0.26916484  0.59582832 -0.20805905]
[ 0.83018014  0.06605773 -0.68409035  0.39179824  0.5865227  -0.36647665]
[ 0.71435851  0.81228651 -0.44619103  0.96704295 -0.71857694 -0.59596866]
[-0.63155032  0.78797942  0.3085851  -0.69579143 -0.11935316  0.23059605]
[-0.83307183  0.76483274  0.60720707  0.01041355  0.93425323 -0.16447804]
[ 0.96822064  0.33584     0.26934255 -0.66809021  0.76385552 -0.14502062]
[-0.67553319 -0.97478496  0.11951137  0.05479924  0.43870724  0.78051611]
[-0.84118683  0.46299298 -0.62517611  0.71635411  0.63812703  0.08158751]
[ 0.4204856  -0.37129977 -0.0576642   0.6432738  -0.08146961 -0.28440347]
[-0.01157511  0.6564985  -0.32958391 -0.65247681  0.42402804  0.65195643]
[-0.79872504 -0.52025177 -0.71605602 -0.30411718 -0.09929804  0.49765267]
[ 0.30229517  0.24185713 -0.29525011  0.68289511 -0.05742567  0.95820988]
[ 0.26828428 -0.74747052  0.35235512 -0.34979197  0.37265439 -0.8607177 ]
[-0.65023713  0.71147452 -0.54564089  0.67408225 -0.44144782  0.28576382]
[ 0.38830115  0.02530951 -0.38937865 -0.57471125 -0.93362129 -0.3921072 ]
[0.30632558 0.87660964 0.74240896 0.53212955 0.57689469 0.32996981]
[-0.47942628  0.81439006  0.34146462  0.12088126 -0.77802106 -0.10588891]
[-0.07928346  0.72912722  0.09329644 -0.2391989   0.95360066 -0.77855881]
[-0.15490314 -0.91595065  0.47980824  0.8361531  -0.43992534  0.71668335]
[-0.41556354  0.82154032  0.50792381  0.60981355 -0.96398689  0.92562071]
[ 0.45334198 -0.39049781  0.65878933 -0.4369576   0.74550768 -0.77483922]
[ 0.40737195  0.08139695 -0.80693106 -0.51621234 -0.97519193 -0.06246407]
[-0.39746948  0.19671497 -0.40552438 -0.40016178  0.4863864  -0.90371433]
[ 0.80578999  0.70452775  0.33560937  0.18644314  0.784605   -0.62933964]
[-0.84206168 -0.52097966  0.58915656 -0.93065947  0.16561367  0.99087503]
[ 0.71139219  0.04289138 -0.87271818  0.66274703  0.19795702 -0.77013401]
[-0.81228543  0.81925364  0.33840053  0.6585736   0.7579578   0.1435447 ]
[ 0.0348927  -0.13914518 -0.36610682 -0.13080808  0.54775931  0.20384686]
[ 0.78504658 -0.11323997  0.21417916  0.26261511  0.18339432  0.40526755]
[-0.52513306  0.02472756 -0.79155039 -0.23097734 -0.02466586  0.30444852]
[ 0.90106211  0.20130213  0.48718783  0.01253212  0.26820806 -0.85813557]
[-0.49121684 -0.27629381 -0.05501329 -0.90870251 -0.7199518  -0.44637138]
[ 0.94306538 -0.33730599 -0.03591788 -0.60780457  0.22156014 -0.43863357]
[-0.58601484  0.03314526 -0.9889884  -0.98467193 -0.56186238 -0.92655727]
[-0.78394849 -0.3222787   0.60517136  0.14409729  0.02533545 -0.41302235]
[ 0.86350744 -0.20596992 -0.82581447  0.23413303 -0.77232321 -0.30955371]
[ 0.01482388  0.74844505 -0.01290684  0.40451753  0.98563368 -0.73702176]
[-0.45053695 -0.21084785 -0.15634364 -0.17795785  0.81522201  0.42806529]
[ 0.21581043 -0.38125456  0.64758077  0.91012102  0.64239657 -0.99686979]
[ 0.27280274 -0.89772924 -0.48478556 -0.8809506   0.20759091  0.37317983]
[-0.77102472 -0.23232223 -0.08752698 -0.26189396 -0.75795    -0.16210442]
[ 0.5023561  -0.85798467 -0.83963997 -0.29045742  0.88345142  0.33714529]
[ 0.35733991 -0.27616002  0.18732158 -0.97973763  0.27219209  0.8265739 ]
[ 0.22514694  0.74739719  0.44794611 -0.75888317  0.80490661 -0.86711231]
[ 0.06793495 -0.71572575 -0.97658678 -0.15593148 -0.40991858 -0.02799901]
[ 0.15439977 -0.91252186 -0.75399341  0.11728479 -0.31366529  0.45834698]
[ 0.3045833   0.69120873  0.38498565 -0.14013785  0.34593324 -0.44923765]
[-0.387373    0.57797032 -0.10716097  0.59676068  0.64484475  0.71512468]
[ 0.83327047 -0.13802956 -0.36226636  0.16439749 -0.25765515  0.20214833]
[ 0.41117173  0.37681004 -0.25089423 -0.6662796  -0.13894132 -0.71481171]
[ 0.78019407 -0.30824508 -0.69108051 -0.94910448  0.29164477  0.27380463]
[-0.31879167 -0.85657622 -0.18074221 -0.37756501  0.35424128  0.2115585 ]
[-0.27081254 -0.56421489  0.97607193 -0.09199676  0.37654847 -0.71889406]
[-0.0288206  -0.94492656  0.01091024  0.92803481 -0.23158657 -0.92200797]
[-0.93808842 -0.22402648 -0.67995013 -0.95329581  0.51242723 -0.08295398]
[-0.42151046  0.80016637 -0.76772208  0.91183766 -0.37206657  0.77680734]
[ 0.20588575  0.65341472  0.96802633 -0.42318912  0.92227097 -0.22103621]
[-0.22897619 -0.31922579  0.08281521 -0.69170991  0.10742297  0.08340962]
[ 0.52380363  0.66729992 -0.1191173  -0.3953335  -0.48133021 -0.61075233]
[-0.88470484 -0.31510404 -0.45950462  0.93283477  0.11541765 -0.30544592]
[ 0.1609352  -0.7216066  -0.1119125   0.25246864 -0.02220434 -0.1964424 ]
[ 0.98769678  0.76062952  0.24681192  0.13875472  0.24132096 -0.59737578]
[-0.20972451 -0.92108093 -0.04890793  0.08604917 -0.54450053  0.92805769]
[ 0.81890922  0.44428647  0.06677326  0.73993832 -0.73869531  0.58101959]
[-0.75035837  0.58842133 -0.44846486  0.75418116  0.88808419 -0.70240806]
[-0.07464879  0.96197476 -0.03318513  0.72709505  0.17746304 -0.24934018]
[-0.42843289 -0.59355382  0.52359638 -0.22691899  0.02255092 -0.01534904]
[ 0.15455806  0.73115429  0.96147869 -0.18483158  0.65503784  0.52905559]
[ 0.1470579   0.91209429 -0.59905097 -0.78147158  0.70792393 -0.12170037]
[ 0.69393771  0.78618041 -0.87508481  0.76692953 -0.10336189  0.02086498]
[ 0.25318502  0.85276521 -0.96176781 -0.04631306  0.37544408  0.44541392]
[ 0.38506486 -0.73112974 -0.40120882 -0.28256895  0.60887442 -0.44248026]
[-0.57859007  0.91489604 -0.98227343  0.99564171  0.3536426   0.6569386 ]
[-0.41076121 -0.97136944  0.47573904  0.66828919  0.48095226 -0.71429943]
[0.50685584 0.53784556 0.31708103 0.53223187 0.69184288 0.22720823]
[-0.82279057 -0.02474438 -0.84470133 -0.18491394 -0.18578702 -0.86798031]
[-0.30235893 -0.7780038   0.61647042  0.89537605 -0.85536705  0.91023041]
[ 0.0451532  -0.40086864 -0.84627585  0.00124854  0.58903109  0.41417295]
[-0.89954798 -0.85419633 -0.19425343 -0.40941901 -0.53523135 -0.437991  ]
[ 0.60696549  0.85845611 -0.18979461  0.812222   -0.3570086  -0.04712603]
[-0.547942    0.28095208  0.95796223  0.20698619 -0.28437183  0.29563489]
[-0.75415864  0.77731816  0.0061679  -0.10130052  0.17172958  0.24956773]
[-0.85644839  0.36523444 -0.51613664  0.42790527  0.64506959  0.60791702]
[ 0.10500193  0.04033978 -0.71424808  0.5506923  -0.45718124 -0.00660915]
[-0.43145181 -0.73234327  0.25911539 -0.89133593  0.49729047 -0.36482641]
[-0.99973061  0.02225828 -0.90629618 -0.44766088  0.41395297 -0.87462076]
[ 0.67867698 -0.99236015 -0.50635226  0.48180811 -0.3674597  -0.79621522]
[-0.27953216 -0.45921343  0.6854238  -0.37330416  0.57786494  0.78374429]
[-0.13236516  0.81988629 -0.24536389  0.92815683 -0.82142095  0.37403853]
[-0.01237192 -0.22470239  0.26542376  0.40771418 -0.99127346 -0.66609382]
[0.4260921  0.33277083 0.93209501 0.52207558 0.90154542 0.405081  ]
[-0.40389558 -0.78927016  0.56364773  0.28829844 -0.90362798 -0.27989907]
[ 9.13599631e-01  8.02291420e-04 -1.34541728e-01 -8.46007897e-02
 -5.82234552e-01 -2.62585658e-01]
[-0.26037349 -0.89528996  0.53513526 -0.16699114  0.64435977  0.700696  ]
[-0.57601189  0.31470696 -0.05543639  0.76031348 -0.56851864  0.3556264 ]
[ 0.21550424 -0.40939704 -0.72679819  0.30327952  0.47719492 -0.36874531]
[ 0.28966521 -0.20973818  0.42641377 -0.60156945  0.78043001 -0.42518081]
[-0.26442802 -0.8838161  -0.77697558  0.03172381 -0.46481465  0.67096045]
[-0.97061322 -0.2418119  -0.32530891 -0.96134474 -0.7512632  -0.17271465]
[-0.01427083 -0.19142051  0.06187536  0.19026335 -0.98015236 -0.07180968]
[ 0.92699848  0.03806456  0.35508453 -0.37627228  0.54798276  0.54584296]
[ 0.0425921   0.95202765 -0.74889957 -0.96610467  0.54031642  0.61431107]
[-0.75958554 -0.46883433 -0.96489527 -0.41338278  0.54628375  0.03592106]
[-0.30380881 -0.25652141 -0.99729275 -0.40039894  0.29291748  0.94838889]
[ 0.69412165 -0.95281007  0.79712121  0.56639683  0.56075225 -0.08400848]
[-0.20398941 -0.39416854 -0.86861028 -0.54352927 -0.50679273 -0.03184586]
[ 0.49488881 -0.05238034 -0.8843111   0.9155796   0.88544864  0.57037909]
[ 0.9826558   0.08896467  0.9255367  -0.84878992 -0.2686385  -0.54923746]
[-0.60833383 -0.7183941   0.24482728  0.56264371  0.1565968  -0.70607458]
[ 0.62224754  0.27190941 -0.22366859  0.34826059 -0.48019004 -0.30961558]
[ 0.83497169 -0.41899099 -0.06002346  0.78028227  0.4154427  -0.87559355]
[-0.70539391 -0.98431682  0.26184358 -0.10465315 -0.7314503   0.91586824]
[ 0.05931945 -0.51621341  0.00120714  0.35924067 -0.84752156 -0.45059237]
[ 0.61393098 -0.08067026  0.09315428 -0.134368   -0.91220011 -0.66850044]
[-0.10891672 -0.58162907 -0.90004194  0.68729933  0.96238506  0.58628575]
[ 0.70756984 -0.51604574  0.92125395 -0.60614859  0.90285962  0.98963859]
[ 0.42344561  0.96228746  0.13907956 -0.48091643 -0.12600823  0.18712187]
[-0.85383688  0.24468653  0.96235567 -0.6197847   0.58519023  0.81579759]
[ 0.88740319  0.92027121  0.04291928  0.95461582  0.51462041 -0.67665713]
[-0.04619979  0.43666235 -0.50531937  0.28123037  0.33320096 -0.67460051]
[ 0.13017062  0.54325382 -0.00220867 -0.97579377 -0.98192306 -0.28594131]
[ 0.85238814 -0.54264644  0.26872738 -0.55584826 -0.35666002  0.69608418]
[ 0.45772288 -0.80920145 -0.14259596 -0.94166047 -0.03821971  0.32486802]
[-0.76299475 -0.42223012 -0.20432675  0.83906205  0.98651003 -0.9101774 ]
[ 0.52201585 -0.25655187 -0.21508363  0.50852995  0.83685286  0.90185719]
[ 0.15424517 -0.28575768  0.57509817 -0.49799723  0.12814806 -0.28284308]
[ 0.31326215 -0.51920217 -0.61681411  0.83647817 -0.79639263  0.01191582]
[-0.55829443 -0.92214007 -0.92796236 -0.64955646  0.73354071 -0.43504251]
[ 0.90091834  0.16324459 -0.12677162  0.16017767  0.03339677  0.51755251]
[-0.43500787 -0.29389922  0.78818861  0.89291303  0.78511645 -0.16110401]
[ 0.56073101 -0.04732853 -0.0049203  -0.59063978  0.18226061 -0.6277282 ]
[-0.3368706   0.7100604  -0.58584838 -0.85768343 -0.86198481  0.88156904]
[ 0.01384088 -0.18117586  0.62175716  0.67165186 -0.33561793  0.38723611]
[ 0.54224563  0.30930137 -0.69680985  0.75176617  0.07818911 -0.43505515]
[-0.14954363 -0.92485782 -0.7442664   0.5310935  -0.99997673 -0.16686834]
[ 0.04502036 -0.89073116  0.94615633 -0.54774934 -0.39160256 -0.39211498]
[-0.53916668 -0.99705236  0.45868959  0.933691   -0.55141303  0.32609438]
[ 0.48379265  0.69685076 -0.15474161 -0.39413819 -0.34940973  0.42524267]
[ 0.63355893 -0.63677206 -0.25811798  0.80388039  0.61338704  0.96971681]
[ 0.50849652 -0.2136096   0.18127567  0.32202851 -0.84308837  0.08899392]
[ 0.41864166 -0.66535739  0.56126343  0.16754556  0.90444357 -0.9151554 ]
[-0.46934772  0.20310776 -0.40688018  0.42884833  0.51801057 -0.79496807]
[ 0.02770893  0.01778111 -0.26143846  0.86584973  0.65501264  0.39441876]
[ 0.42865327 -0.07656771  0.84198904  0.38919085  0.45796212  0.72338181]
[-0.45185682  0.61414181 -0.60951879 -0.3093161  -0.32877909  0.95705094]
[ 0.71307445  0.40233972  0.45411352  0.12414559  0.89418133 -0.00748249]
[-0.23896458 -0.67392933  0.5724113   0.46888786 -0.23128992 -0.94961317]
[ 0.67799466 -0.97716403  0.40739956  0.94051422 -0.12467734 -0.53005319]
[ 0.40974202  0.63425628  0.09286063  0.93407055 -0.89666256  0.0095912 ]
[ 0.43690789  0.72528094 -0.64148878  0.60000696  0.10541415 -0.20689264]
[-0.73656994  0.73059152 -0.68545358 -0.38042428 -0.41990894  0.74282807]
[ 0.34540599  0.59336279 -0.4990642   0.2497482   0.14349197  0.66566075]
[ 0.81217412 -0.97568646  0.34803984 -0.8963284   0.09771733 -0.42473454]
[-0.3864468  -0.29408299  0.2425849  -0.33190007  0.4653981  -0.19094523]
[-0.8632936   0.56751968 -0.42848335 -0.13446624  0.37088777 -0.33508769]
[-0.88682869 -0.25215791  0.88889717  0.28346879  0.3429583   0.26456431]
[-0.60201572 -0.16333227  0.5018796  -0.7972542  -0.44429445 -0.44736178]
[-0.13596214  0.96073748 -0.86499491  0.03740199 -0.64127064  0.94135309]
[-0.77339299 -0.192798    0.47576997  0.40910886 -0.15454273 -0.30695166]
[-0.20477524 -0.47144747 -0.58933412 -0.0339206  -0.46293249 -0.42507667]
[ 0.31351213  0.93707466  0.2072744  -0.84604107 -0.84883277  0.90284644]
[-0.40541842 -0.81586603  0.19808917  0.24729756  0.29700964 -0.46519594]
[-0.96977863  0.93003074 -0.49821391  0.35205258  0.41325974  0.22001483]
[-0.37418521 -0.45780749  0.19533657  0.73219127  0.89346746 -0.78818839]
[-0.69034277  0.88947252  0.47307046  0.76598765 -0.59473473  0.17517174]
[ 0.40227919  0.36022377 -0.18369662 -0.96921022  0.16585211 -0.49379692]
[-0.09949151  0.91516203 -0.20192936  0.67960321 -0.62291879  0.344921  ]
[ 0.95401391 -0.7962138  -0.98336012 -0.13283441 -0.81474903  0.4967687 ]
[ 0.82909733 -0.13195805 -0.48257672 -0.13119336  0.44689564 -0.98189168]
[ 0.17890798  0.22658337  0.27537649 -0.51595584  0.42810545 -0.81721703]
[-0.60145933  0.75494009  0.4774463  -0.97250889 -0.50324748 -0.57118703]
[-0.45838734 -0.50488046 -0.87494741 -0.08211897  0.46546695  0.21346345]
[ 0.34574334 -0.83770164  0.90298142  0.67698367  0.61018064  0.64596761]
[ 0.86542102  0.08850793 -0.59943596  0.23356722  0.48576299  0.47583479]
[ 0.04289805 -0.86308256 -0.25777412  0.84153322  0.16889782  0.07666389]
[-0.46229297 -0.26310216  0.79069218  0.3329261   0.57477405 -0.09130915]
[ 0.26049444 -0.50323278  0.41092166 -0.14479733 -0.11490897  0.29864465]
[ 0.87256124 -0.87198731  0.64948647 -0.41523378 -0.11216109 -0.95617334]
[-0.39790784  0.00526249 -0.88764785 -0.01780854  0.85422126 -0.78921356]
[ 0.52888146 -0.18065789  0.31034743 -0.4795268  -0.68101547 -0.67907477]
[-0.85901611 -0.62870659  0.32843877  0.76338122  0.62825137  0.37026862]
[-0.77913627 -0.42162511 -0.38038625 -0.50008611  0.03001132  0.07110763]
[-0.28622805 -0.29242168  0.6571112   0.5785857  -0.38440834  0.82757689]
[ 0.90563003 -0.34651492 -0.2911501   0.01126831  0.88224163  0.75263887]
[-0.79486407 -0.21453851  0.10674238  0.00626495 -0.61227386  0.71763354]
[ 0.35388157  0.67581675  0.71752856  0.49671171 -0.1215788   0.22109351]
[-0.67926919  0.34729083 -0.64149349  0.38789918 -0.54080368 -0.7648974 ]
[-0.66943102 -0.99601573  0.43747924  0.4648021   0.0298667  -0.6772744 ]
[-0.83289132 -0.96174207 -0.66850365  0.78171107 -0.51692632 -0.29145735]
[-0.78930903 -0.55527739  0.03844914  0.21550537 -0.50929537 -0.88453568]
[-0.21793426 -0.53159326 -0.56089215  0.91972561  0.23260097  0.11375689]
[-0.16844979 -0.14211133  0.08181001  0.39285961  0.40429219 -0.65661218]
[ 2.25504153e-04 -1.76083810e-01  7.41053933e-01  2.62837842e-01
  6.50081328e-02 -7.69210716e-01]
[ 0.21127578 -0.76559219 -0.32558685 -0.71431607  0.38414729 -0.58749577]
[-0.21628125  0.79134956 -0.59136723  0.01561013 -0.16145668 -0.96375192]
[ 0.58551623 -0.86190819 -0.05148996  0.12135659  0.25685291  0.37726326]
[-0.49345523 -0.98004245  0.44688732  0.0713132   0.67223541  0.64277673]
[ 0.68665234 -0.02981068 -0.33274321  0.58311641 -0.09741177 -0.63311561]
[ 0.70994804  0.76511975 -0.06738049 -0.84860055 -0.22434782  0.60707532]
[ 0.80354806 -0.59305452 -0.86605278  0.75470091 -0.22119012  0.08352193]
[ 0.93613162 -0.86687054  0.29663601 -0.85178915 -0.24906214  0.60762909]
[-0.13305553  0.99436471  0.11811857 -0.35767569 -0.55977735 -0.29895893]
[-0.25493345 -0.86257264 -0.2608516  -0.07152296  0.4454755   0.31345897]
[ 0.41753131 -0.98327264 -0.5646652   0.32336858 -0.03202126 -0.98937305]
[ 0.60898928  0.54561915  0.09683833 -0.86707335  0.5330301   0.16742718]
[ 0.56391995  0.50349398  0.60600414  0.03601613 -0.71935096  0.34231495]
[ 0.24094757  0.48450637 -0.66023799 -0.6100496   0.78081903  0.4999556 ]
[0.81645698 0.51743064 0.19431061 0.30826547 0.77825585 0.15761351]
[ 0.26478265 -0.68704657 -0.05215756  0.43279422 -0.4581146  -0.59549164]
[-0.37234638 -0.51699874 -0.57017473 -0.15029831  0.81567703  0.01411929]
[-0.62415924 -0.84605666  0.39231229 -0.23440247  0.64366189  0.31902154]
[ 0.5924829  -0.45610792  0.38471784 -0.47187603  0.87813696  0.27274856]
[-0.3509764  -0.46097628 -0.61814683  0.38928192 -0.56256877  0.19060653]
[-0.47072995  0.32393789  0.62987946  0.55605049  0.52170266 -0.62455519]
[-0.82323011  0.39789766 -0.26330557 -0.13530755 -0.93770181 -0.4808471 ]
[-0.93264719  0.75837155 -0.51320663  0.11467434 -0.92204136  0.33369478]
[-0.35394531  0.79583837  0.77623638 -0.34941876  0.80192179  0.99231535]
[ 0.65083133  0.6897427  -0.50198253  0.1534048  -0.86548817 -0.81016413]
[ 0.99778522 -0.3467215   0.49636782  0.61333011  0.71604654  0.99525659]
[-0.51700703 -0.91929835 -0.17761696 -0.73983866 -0.95514822 -0.27914635]
[ 0.5674765   0.13236138 -0.37444402  0.30868401 -0.53596364 -0.97123711]
[ 0.52870677  0.24748617  0.52460525 -0.92212397  0.67423926  0.2390524 ]
[0.1267907  0.2492281  0.72886649 0.17387301 0.16190076 0.98135831]
[ 0.51346033 -0.11541239  0.414794   -0.22153906 -0.54224908  0.19370375]
[ 0.8563642   0.85827904 -0.31618944  0.05535493 -0.5767282   0.99126222]
[ 0.96223582  0.29901786  0.60882812  0.43020032  0.18631644 -0.89330401]
[-0.09047131  0.3495726   0.35506323 -0.25375476  0.88338397 -0.66528594]
[ 0.00071889  0.38176795  0.39427161  0.29727791 -0.44942357 -0.68758686]
[ 0.27188065  0.19860423 -0.64128798  0.41027829 -0.08965602  0.33552118]
[ 0.67473416 -0.66054314 -0.96171026  0.55820517  0.21939485  0.39927914]
[ 0.67630995  0.60562187  0.92184029  0.07187016 -0.02300873 -0.1962256 ]
[-0.69261791  0.14521447 -0.44597495  0.84261502  0.16638161  0.18568036]
[-0.29015068 -0.8960213  -0.93651247 -0.15332971 -0.83086924  0.21369391]
[ 0.76194601  0.76582963  0.31809082 -0.57753634  0.72599366  0.77218687]
[-0.60669283  0.47485217 -0.4269609   0.60528062  0.9944758  -0.93994799]
[ 0.79473173  0.24526107  0.94676524 -0.06998096  0.69477586 -0.87521186]
[-0.3294419  -0.86596692  0.95068627  0.63394781  0.70509484  0.87593046]
[-0.82979303 -0.22880481 -0.85793022 -0.5784138  -0.54126845 -0.06178558]
[-0.46287567 -0.79804379 -0.66501782 -0.70544887  0.9461536   0.51858501]
[ 0.93552293 -0.12051903 -0.44326304  0.59658639 -0.34749216 -0.40123325]
[-0.53498802 -0.74064204 -0.48707388 -0.2893605   0.34798842 -0.87487032]
[-0.57898612  0.61804728 -0.70615615 -0.31470971  0.72931784 -0.69014938]
[-0.83452633 -0.03092401 -0.39516098  0.12681673  0.60760978 -0.72570302]
[ 0.16139817  0.01101752 -0.71184243  0.24799697 -0.45271916 -0.02433136]
[-0.83545535 -0.08083189 -0.38707306  0.64476242 -0.88604255 -0.16278545]
[-0.08313715  0.45001215  0.14857515  0.33442467  0.55409857  0.72440595]
[-0.37224901  0.07604541  0.68021616  0.97890226  0.77903862 -0.25706547]
[-0.60966697 -0.02121493  0.4832829  -0.01486186 -0.03363827  0.67646084]
[-0.27719244  0.71958935 -0.1863904  -0.34353379 -0.09202018  0.52489392]
[-0.74799594 -0.60716157  0.90288965 -0.64901675  0.13545464  0.15862893]
[-0.02075108  0.2894905  -0.54034655  0.10532454 -0.25565349  0.32333452]
[-0.71755291  0.14175483 -0.62945929 -0.44271387 -0.5625804  -0.63432444]
[ 0.6514219  -0.42858486  0.85424756  0.93985305  0.14252094 -0.71399775]
[-0.25090351  0.59546453 -0.26521854 -0.82596556  0.11356982  0.6902417 ]
[ 0.59185277 -0.64975372  0.34552923 -0.55899147 -0.56358493  0.74814355]
[-0.50066209 -0.47350531 -0.99869322  0.74133807  0.58518963  0.25465787]
[ 0.50053153 -0.69590287 -0.08335281 -0.29756123 -0.81244695 -0.02773903]
[ 0.8414793  -0.91988176 -0.41707817 -0.58491813 -0.52370669  0.8168691 ]
[-0.06386189 -0.06740117  0.52115128 -0.69101559 -0.02546929 -0.14002957]
[ 0.19382138  0.99911541  0.53889779 -0.20426859  0.6551061  -0.65858327]
[-0.93907263 -0.59110326 -0.31917689  0.02116151  0.23025828  0.82121143]
[ 0.01970802  0.00255129 -0.89951398 -0.93017689  0.10231992 -0.12364277]
[ 0.67836079 -0.67864083 -0.95005668 -0.10192246 -0.52504289 -0.90077125]
[ 0.44919657 -0.776814    0.216639   -0.4379005  -0.6530079  -0.24049695]
[ 0.60289155 -0.21581285  0.5015393  -0.74902741  0.54554284 -0.52613335]
[ 0.35478626  0.13156311  0.85828943 -0.22535496 -0.86766962 -0.96168903]
[ 0.65371712  0.04947128  0.5504881  -0.5311488  -0.30983251 -0.93979226]
[ 0.92298465  0.33573581  0.86641018 -0.46900719  0.22292722  0.35699994]
[-0.3649006   0.69621847  0.89432293  0.76971024  0.47813395 -0.44507064]
[-0.43676792  0.92672064 -0.97943101  0.43209995  0.41249233  0.24537908]
[ 0.98021769 -0.37624113 -0.32005627 -0.84212119 -0.11440373 -0.47790295]
[-0.3132266   0.66914358  0.87096903 -0.62853386 -0.25498214  0.85726112]
[-0.87638308 -0.81527894 -0.67441802  0.19042567 -0.69905546  0.93615276]
[-0.10657095  0.00303592 -0.50668277 -0.0580795   0.32382727  0.50235427]
[ 0.50773617  0.15578223  0.80871955  0.63481569  0.51409623 -0.88878896]
[-0.98624408 -0.57510545  0.32704719 -0.17760502 -0.19518748  0.76917378]
[ 0.7911257   0.81835053 -0.37224385  0.38211163 -0.45673364 -0.61878033]
[-0.63073509 -0.31578476 -0.14008476  0.66189834 -0.76021781  0.46985169]
[ 0.06290983 -0.42410931 -0.01436083 -0.40011586  0.19216391 -0.13231215]
[-0.67118894 -0.76683385  0.09339136  0.80482607 -0.31208463  0.46600021]
[0.31732271 0.86310983 0.64196203 0.13321052 0.314061   0.79677293]
[-0.20096243 -0.34641059 -0.97837783  0.65310215  0.6019614  -0.79109096]
[ 0.15371476 -0.0720366  -0.76258181  0.96113645 -0.57060823 -0.86553164]
[ 0.18969476  0.47773335 -0.93511311  0.31743528  0.06458375 -0.79346998]
[-0.65495225  0.13594859 -0.40728477  0.87663146  0.63748046  0.96713441]
[-0.48065832  0.93944727 -0.13753226 -0.30496241 -0.89930095 -0.89446948]
[ 0.38402251 -0.08414201 -0.54695675  0.22794061 -0.49428376  0.15526351]
[-0.28158251  0.64710445  0.64139232 -0.0452992  -0.29836178 -0.27488041]
[ 0.61142905 -0.34364103 -0.58188125 -0.83062332 -0.06661376 -0.0357358 ]
[ 0.68181742 -0.55752261 -0.23801745  0.61681148  0.64724722 -0.23077785]
[-0.08175195 -0.39342822  0.86510976 -0.76271247  0.86749885  0.3677329 ]
[ 0.06314431 -0.93468188 -0.04880762 -0.18450379 -0.67756238  0.31281921]
[ 0.94230181  0.12437762  0.42950655 -0.86309909 -0.16466601 -0.76728303]
[ 0.22559167  0.87696432  0.32355546 -0.8463939  -0.29066759  0.10132676]
[-0.19358449  0.66728802  0.62934201  0.22366204 -0.25308411 -0.48932725]
[-0.78825136 -0.29020463 -0.17365497  0.35164585  0.31631965 -0.85978372]
[-0.20948137 -0.63644227 -0.68637459  0.6546043  -0.91616957 -0.16163425]
[-0.66359269  0.75866043  0.11408103 -0.53723873  0.00485457  0.46297272]
[ 0.91623602 -0.55910799  0.77236354  0.86860823  0.83284109  0.27082871]
[ 0.25964131 -0.19357873  0.50479576  0.06258804  0.35487614 -0.14308419]
[ 0.46299293  0.64894304 -0.70712749  0.66585943  0.08059306  0.68933182]
[-0.13739659 -0.24191903  0.83012147 -0.49766146  0.68842465 -0.03195885]
[ 0.02819089 -0.38306344  0.1460844  -0.34957761 -0.92146117 -0.45600279]
[-0.98724191  0.95670957  0.93149442 -0.20968941  0.45674171 -0.3083878 ]
[ 0.34218631  0.61086009  0.89351249 -0.19957545  0.56659597 -0.4681431 ]
[ 0.98066461 -0.9484608   0.20705761  0.31901196  0.37609111 -0.75922484]
[ 0.87705957 -0.63763344  0.24550681 -0.55464784 -0.38556717  0.09291708]
[-0.16561316 -0.6795488  -0.6581272  -0.16371042  0.51456596  0.79592929]
[-0.83174468 -0.21379218 -0.79950887 -0.96681504  0.32343737  0.20489888]
[-0.67396177 -0.53237433 -0.95258449  0.66989441  0.94938119 -0.72908093]
[-0.53704957  0.73681905  0.8529276  -0.16074523 -0.89875506 -0.92121633]
[ 0.14789973 -0.21420978 -0.94269514  0.16650478 -0.97739493  0.57474392]
[-0.38713435 -0.91948399  0.17670444 -0.20463117  0.94760083  0.08839733]
[-0.44952164  0.41887773 -0.45701599  0.80848658 -0.25055606  0.09973713]
[-0.89885379 -0.14775752  0.66472708  0.61129761 -0.55136288 -0.54784186]
[ 0.63461062  0.86079684 -0.80927816 -0.09988272 -0.32509144  0.74137691]
[-0.83295017 -0.57774811  0.50493668 -0.8974123  -0.01492924 -0.11578593]
[-0.33119764 -0.21085537  0.05988117 -0.67726528  0.14399176  0.61086466]
[ 0.52032186 -0.69220019 -0.70150106 -0.46365126 -0.27785055 -0.18308884]
[ 0.35939443 -0.88663914 -0.93065459 -0.21617887  0.39432738 -0.61312931]
[ 0.28300896 -0.48034372  0.77217222  0.79137989 -0.40542559 -0.54001249]
[-0.17739206 -0.51893683  0.34476769  0.65212937  0.34618426  0.64870089]
[-0.20601568 -0.68736606  0.47590189 -0.27905099  0.34254165 -0.45871212]
[-0.83754073  0.98516359 -0.68759698  0.97684199  0.95455987  0.58763621]
[ 0.31884592  0.1556141   0.73220309 -0.42112096 -0.06463758  0.23877994]
[-0.17761905 -0.14502709 -0.33943066  0.12846363  0.70114906 -0.59694324]
[ 0.86886608  0.37817531  0.64654643  0.11238139  0.5590334  -0.96759921]
[ 0.63676085 -0.91972228  0.77982675  0.98392549 -0.41186508 -0.57936289]
[ 0.53072673 -0.49394732  0.73112477 -0.79431482 -0.74808961  0.95830311]
[ 0.3476778   0.69377445 -0.35134125  0.3529675   0.18848365  0.20630024]
[ 0.36506492  0.15071835 -0.14187526 -0.44815461  0.53716266 -0.54745514]
[ 0.38470861 -0.53333435  0.25066034  0.49415653 -0.56257222 -0.8801134 ]
[-0.73805251  0.21199393  0.69889281 -0.91000636  0.46830252 -0.31736271]
[-0.04294326  0.8577191  -0.33605699 -0.06932613 -0.97263517 -0.83680256]
[-0.48281682 -0.94429552  0.26275065 -0.14720329  0.09629041 -0.65070563]
[-0.40813594  0.32764895  0.93060545 -0.89916645  0.78076864  0.1537624 ]
[ 1.27839134e-01  5.57070416e-04 -8.61211828e-01 -8.20246297e-01
  2.01824011e-01 -3.18082857e-01]
[ 0.83453613 -0.18681893 -0.71343708  0.42943767 -0.41329316  0.05094061]
[0.39566557 0.80052822 0.58438239 0.35272214 0.35926636 0.89184929]
[-0.40835181 -0.99777581 -0.45609088 -0.56421724  0.32366917  0.2674232 ]
[ 0.18692277 -0.96751311  0.45755611 -0.35293918  0.33011198  0.11315686]
[-0.31453815 -0.73084747 -0.8111622   0.66303667  0.83679508  0.29957609]
[-0.79313177 -0.19594557  0.4578784   0.55964177 -0.76356276 -0.99993856]
[ 0.42427409 -0.28680765 -0.49103734 -0.97420506  0.08059881  0.70230147]
[ 0.91526329  0.1314899   0.02892266 -0.82988723  0.0977456  -0.24004184]
[ 0.21427056 -0.2225473  -0.51940175 -0.81006945 -0.37016311 -0.80671033]
[-0.6462061   0.97467232 -0.11179289  0.06374353  0.74723706  0.9911378 ]
[ 0.1654289   0.62494764 -0.34611795 -0.38851209 -0.19459256  0.34501453]
[ 0.36438338 -0.36952113 -0.73358015  0.26479251 -0.74334828  0.15698502]
[ 3.86844256e-01  4.01222993e-01  5.06944221e-01  7.45718843e-01
 -8.20160704e-05  4.60498379e-01]
[ 0.23834547 -0.62672012 -0.94862071 -0.43091723 -0.11393259  0.23421189]
[ 0.69991866 -0.60750857 -0.74890042  0.92695989 -0.78391088 -0.04301786]
[ 0.17112746  0.08274884 -0.82793569 -0.88594617 -0.78903315  0.17117537]
[ 0.08868978 -0.53251842  0.27554828  0.640135   -0.91684208 -0.00374011]
[ 0.37862082 -0.49537615 -0.38445819  0.22727581  0.79587059  0.61984884]
[ 0.16626044  0.46044344 -0.27035506  0.28193106 -0.06763682 -0.62012773]
[ 0.40347655  0.11292927 -0.28275684  0.82267838 -0.95813176 -0.3684537 ]
[-0.8862372   0.53305463  0.40421491 -0.33729556  0.3513258  -0.20812555]
[ 0.51250758 -0.09163267 -0.17544054  0.86945983 -0.4982418  -0.75910532]
[ 0.16908623  0.93864362 -0.24432157 -0.87592647 -0.32138947  0.01186331]
[-0.67615399  0.31620444  0.99549878 -0.09652105 -0.29054289 -0.19859167]
[-0.76970764  0.7665472  -0.17034869 -0.22545118  0.31938055 -0.11593316]
[ 0.29646694 -0.87710742  0.62744669  0.88100791  0.29753077  0.90913186]
[-0.69713537 -0.04516762  0.20361347  0.16347329 -0.19707644 -0.32383118]
[-0.74635195 -0.2165151  -0.67467837  0.46873135 -0.58233813 -0.88286939]
[ 0.10473228  0.19045947  0.74382612  0.15396322 -0.30903829  0.60602376]
[ 0.08055779 -0.84143943  0.13170112  0.81603709 -0.20737475 -0.4073484 ]
[-0.71306109 -0.69710896 -0.13445703  0.19135965 -0.83876919  0.87913718]
[ 0.51026723  0.17324784  0.65687734 -0.83962649 -0.04632224  0.26018625]
[ 0.65730581  0.56693912 -0.4458615   0.88176034 -0.75130832  0.75026724]
[ 0.9418805  -0.64569295  0.44413213 -0.91942896 -0.18915435  0.0325666 ]
[ 0.16129045  0.8718745   0.34450137 -0.0374441   0.61935007  0.90106564]
[-0.9558677   0.96504254 -0.82773572  0.62877356 -0.43933049 -0.73564068]
[-0.12028872  0.28791316 -0.23809631 -0.89086918  0.19892228  0.80480655]
[-0.23356927 -0.56733444 -0.11484531 -0.90327458  0.64097517  0.65268162]
[ 0.17600093 -0.29379422  0.59956673  0.10937405  0.65186462  0.26291759]
[ 0.56881095  0.19712599 -0.17171786  0.91589172  0.08222765  0.21017904]
[-0.55902472  0.25130158  0.1432153  -0.6303232  -0.88082581  0.20871864]
[ 0.52738454  0.04680274 -0.54645475  0.33304395 -0.83978855 -0.11633259]
[-0.67326648 -0.6310819  -0.5954121  -0.22658589 -0.89769959 -0.20441312]
[ 0.02341489 -0.03341143 -0.2344318   0.67829322 -0.70934662  0.01139349]
[-0.87591717 -0.85768864  0.1477317   0.13203685  0.75606703  0.11574735]
[ 0.91958204 -0.9026103  -0.80398463 -0.91186828 -0.6294463   0.08254022]
[ 0.29114436 -0.90882968  0.89194178  0.68433075 -0.40677504 -0.84562494]
[-0.66022585 -0.74611117 -0.75343244  0.03712338 -0.50830512 -0.28372057]
[ 0.97901067  0.3686285   0.89796133 -0.71488689 -0.23572105  0.10946361]
[-0.84648388 -0.99162511  0.34086867  0.28363903 -0.17842238 -0.02071185]
[-0.169114   -0.95198991 -0.32925679 -0.64583549 -0.80315162  0.91344087]
[ 0.19871945  0.45731257 -0.36927251 -0.21370574 -0.52615201 -0.80606866]
[-0.64193673  0.59502809  0.35509161  0.09385775 -0.04982025  0.84486857]
[-0.8545301  -0.43879837 -0.30012429  0.56485162  0.98502924 -0.51865897]
[ 0.74861467  0.66124552 -0.5506852  -0.20133484 -0.18065426  0.95644134]
[-0.6382162   0.59831594 -0.33161457  0.46174069 -0.15997799  0.15671953]
[ 0.66522355  0.60833113  0.73284637 -0.88076535  0.38410111 -0.72002525]
[-0.16836286  0.09717683 -0.19452103  0.03922335  0.99305262 -0.72956537]
[ 0.35091209 -0.20799807 -0.7339804  -0.68252647  0.89854621  0.75920299]
[ 0.81408392  0.98306555 -0.58336922 -0.28912133  0.33843806 -0.03239492]
[-0.16322093 -0.2843775   0.18756126  0.15118686 -0.67708433 -0.05652032]
[ 0.10694355  0.14057388 -0.57978561  0.48454278 -0.94960181 -0.29033629]
[ 0.5604253   0.12778584 -0.47767513  0.38990624  0.13478189  0.59248722]
[ 0.47005037  0.22021584 -0.02364465 -0.73363575 -0.47733396 -0.16180105]
[ 0.19859857  0.02741571 -0.42363095 -0.98707128 -0.00752156 -0.42874802]
[ 0.4692166  -0.95210747  0.16965562  0.88294848 -0.65118147 -0.05670102]
[-0.81715602  0.25136382  0.10106336 -0.18526895  0.04275404  0.79314932]
[-0.6074114  -0.95487098  0.72332977  0.15423416  0.78131691  0.19389045]
[ 0.62032218 -0.14065327  0.49971986  0.82608293  0.14424593 -0.6384297 ]
[-0.46240477 -0.60271085 -0.50628594 -0.3871691   0.11026757  0.17598326]
[-0.14700051  0.23084156 -0.83685015 -0.82442353 -0.65634108  0.036155  ]
[-0.57201064 -0.43343119 -0.19937433  0.62373225 -0.97227573  0.29875764]
[ 0.33775306  0.59731156  0.86550588 -0.9597243  -0.69243259  0.77234259]
[-0.08296288  0.12918128  0.32605441  0.35813321  0.86348081  0.99389883]
[ 0.44031492 -0.42555758  0.7595048  -0.90155817 -0.53783829  0.79477143]
[-4.87616971e-01 -5.58697881e-01 -7.23749414e-01  7.18223515e-01
  1.16518382e-04  3.49786406e-01]
[-0.52186723  0.51608084  0.52001109 -0.37480395 -0.17863473 -0.58061945]
[ 0.95312205  0.29120515  0.86908776 -0.39322891  0.56378183  0.53171729]
[ 0.3833113   0.93127795 -0.21288933 -0.73856535  0.34341772  0.4586196 ]
[ 0.15012115 -0.58636421  0.00891188 -0.37562053 -0.14506694  0.29043715]
[ 0.49042949 -0.53555062 -0.18934928 -0.46167686 -0.60273677  0.56677444]
[ 0.81850539 -0.25953563  0.50255785  0.79399058  0.69224842 -0.63437322]
[ 0.91258376 -0.24664712 -0.32151868 -0.87513735 -0.02765269 -0.78197277]
[-0.50292036 -0.36611476  0.61765265  0.7509773  -0.39506737  0.71739624]
[ 0.71446187  0.5293019  -0.70660977  0.38064569  0.89004813  0.36508096]
[-0.3367663   0.00115863  0.29145009  0.02114082 -0.76009412 -0.37587191]
[ 0.60479206  0.72283609 -0.72539993  0.9047735  -0.34235476  0.32462748]
[ 0.50365029  0.62389247  0.8914994  -0.3741609   0.71701291 -0.73662619]
[ 0.41008181  0.48395546  0.35544648 -0.49537053  0.74608629 -0.66228307]
[-0.89273042  0.43492998 -0.04904857  0.69819604 -0.23320572 -0.66344282]
[ 0.67288438  0.09781926 -0.62160842  0.440768    0.02222728  0.20862596]
[-0.07820332  0.65741797  0.65912543  0.41877764 -0.78919725  0.67770772]
[ 0.34202596  0.39404833 -0.27403432  0.75855911  0.4507432  -0.77481907]
[-0.18444393  0.77276072 -0.9056066   0.92283324  0.35832514  0.26275196]
[-0.45888149 -0.50241642  0.88411644 -0.40345509  0.55101059 -0.2137564 ]
[-0.72149186 -0.9785694   0.08851467  0.95155764 -0.26172761 -0.28561533]
[-0.31181676  0.04108767 -0.11867023  0.75982925  0.01104158  0.01551568]
[-0.72325681  0.96547908 -0.50005422 -0.85327187  0.3262925   0.19073274]
[-0.16970869 -0.15561553  0.57012784 -0.60857472  0.64050664  0.29749423]
[-0.16206045 -0.08394277 -0.48670559  0.50422867  0.02574948 -0.35829091]
[ 0.19210023  0.9914689  -0.12947544  0.8413828  -0.30996632 -0.89053459]
[-0.59151579 -0.16260971 -0.56073014 -0.99954592  0.83000308  0.68775882]
[ 0.48458446 -0.66437081 -0.75927285 -0.8647905   0.44805838  0.85761592]
[-0.13892836 -0.76171866  0.02478564 -0.30233619 -0.25035015  0.24266125]
[ 0.43743623 -0.7787928  -0.92881954  0.98866061 -0.5345433  -0.89233895]
[-0.62024934 -0.92208431 -0.21637821  0.60480357 -0.3175111  -0.11163319]
[ 0.35117355  0.01778814  0.72289137  0.73207135 -0.98017861  0.55609261]
[-0.0785328   0.97768108 -0.03353585  0.97379189  0.50913872 -0.50279023]
[ 0.07678996  0.98427128  0.71506122 -0.80526621  0.41274399 -0.30884083]
[-0.98603548 -0.19303806 -0.53049116  0.63773854 -0.32533878  0.65504739]
[-0.99880412 -0.3843617  -0.51766957 -0.53286528 -0.86362676 -0.62575146]
[ 0.11109914 -0.41727785 -0.16521044 -0.24626624  0.75180985  0.810598  ]
[-0.01408606 -0.3396881  -0.78639859  0.90680576 -0.87954611 -0.40469944]
[-0.4038676  -0.35919743 -0.67142631  0.56632286 -0.75500428  0.26981332]
[-0.75230795 -0.85892872  0.81885901 -0.61974247  0.64250031  0.08926174]
[-0.84428696  0.91089638 -0.50607767  0.71929069 -0.66237999  0.70788576]
[-0.97354237  0.02356091  0.53888516  0.86959103  0.81840427  0.63924974]
[ 0.7763827  -0.60156063 -0.43163141 -0.42206295 -0.24589214 -0.21335866]
[ 0.08911065 -0.68024047  0.38249333 -0.66486692 -0.37938304  0.00669026]
[ 0.59288112  0.47893847  0.29106871 -0.68845348  0.09409069 -0.825107  ]
[-0.24527365 -0.17296694 -0.92037712 -0.4520238   0.91129893  0.90726522]
[-0.29534589 -0.91379978 -0.64181012 -0.21556441  0.8955594  -0.71760187]
[ 0.52703169 -0.78263492  0.96251515 -0.236767    0.55046908 -0.31481783]
[ 0.25533775 -0.61596783 -0.70795796  0.87612828  0.83529456  0.77493788]
[ 0.2508669   0.61653642 -0.86192613 -0.33042192 -0.37259375  0.27129064]
[-0.28808445 -0.70298644  0.19293415  0.62876784 -0.23575301 -0.73546257]
[-0.60662361 -0.52503339 -0.40020481  0.28559014  0.20189097  0.39215972]
[-0.27499603  0.6479953  -0.59182468 -0.0619185   0.60187744 -0.6396827 ]
[-0.78027377  0.76736794 -0.31414067  0.36774025 -0.94930279  0.38009378]
[-0.36779738 -0.88851829  0.21962552 -0.51839237 -0.22638552 -0.83883838]
[-0.7056735  -0.40404553 -0.820481    0.82165253 -0.98790591 -0.03227956]
[-0.75350508 -0.38464182  0.85211912 -0.67661089  0.93166464 -0.58841125]
[ 0.48313222  0.09335453  0.76895746  0.10798651  0.06911844 -0.609084  ]
[-0.66754128  0.8329783  -0.3443236  -0.25583549  0.51964732 -0.32235304]
[ 0.90412489  0.47585554  0.19485849  0.76179032 -0.90078818 -0.48587462]
[-0.06992733 -0.54604292  0.48781037  0.83841606 -0.15245976 -0.3157348 ]
[ 0.92310146 -0.11029513 -0.0219032  -0.29670026  0.81909695  0.13791097]
[ 0.52434917  0.62361344 -0.31630192 -0.13261134  0.69694355 -0.2734893 ]
[0.58787027 0.88198465 0.24642075 0.48325457 0.61019462 0.6900793 ]
[-0.20989332 -0.89747308 -0.19624746  0.34751246 -0.09929923  0.4979263 ]
[-0.28603514  0.26948828 -0.62716039  0.49873887  0.09139194 -0.59187122]
[-0.41617765  0.49721742 -0.03479753 -0.56793712  0.93454238  0.43025004]
[ 0.91426967 -0.14578991 -0.04979932  0.79591043  0.05009868  0.41455782]
[-0.49565425 -0.10654706 -0.75310027 -0.58803993 -0.99811317 -0.9214699 ]
[ 0.95456765 -0.51529261  0.32662142  0.6781994   0.10132092 -0.693711  ]
[0.45623287 0.20050282 0.46250118 0.53949325 0.95082074 0.14712656]
[-0.31671777  0.29692911 -0.86311858  0.79479464 -0.76123798 -0.34431432]
[ 0.63149076  0.19462476 -0.21272896 -0.05312868  0.70909479 -0.31999123]
[ 0.73929937 -0.82373114  0.55359687  0.69509527 -0.63636469 -0.13930694]
[-0.66900045  0.41320826  0.07069554  0.27064669 -0.60702607 -0.57650828]
[-0.91700535 -0.35586493  0.11948932  0.71586983  0.33385489 -0.12920735]
[ 0.90624023  0.4384904   0.86033041  0.05517595 -0.48219145 -0.89434663]
[ 0.4521697  -0.757394   -0.39444974  0.06494182  0.12883318  0.20116639]
[-0.66748934 -0.24052519  0.23438845  0.93963773  0.45526228  0.84520751]
[ 0.52442412  0.18343394 -0.61595326  0.3333713   0.24675913  0.20493834]
[-0.02042826  0.05731321 -0.33111495  0.03862539 -0.60488819  0.61034879]
[-0.62844609 -0.83006742 -0.12750795  0.31661488 -0.12456635 -0.44649174]
[ 0.11634237 -0.30599533  0.86573538  0.84529028  0.00474364 -0.34423201]
[ 0.47426483 -0.92657411 -0.05046199 -0.32735321  0.84107177 -0.97599395]
[ 0.10562975  0.48132716 -0.02996402 -0.82919394  0.94492278  0.03602086]
[ 0.22837249 -0.52678043 -0.03300383 -0.14170102 -0.85020832 -0.78767929]
[ 0.67494504 -0.5203601  -0.61008346  0.0098229   0.53749426 -0.87610696]
[ 0.15361584 -0.76157911 -0.9270779  -0.8945121   0.66832822 -0.76405503]
[-0.90969727 -0.12420023  0.68798694 -0.47518325 -0.15657476 -0.92015493]
[-0.10184297  0.15522616  0.14181411 -0.33514662 -0.36893364 -0.78675276]
[-0.26640336 -0.80101066  0.53319189  0.9325486   0.94014891  0.7301422 ]
[ 0.2015843   0.40173139 -0.42958839  0.26154084 -0.0887009  -0.03596532]
[ 0.51555312 -0.43616329 -0.36392078  0.84928358 -0.88755141 -0.0287314 ]
[ 0.8256016   0.22072602  0.09281415 -0.50051164 -0.31344902  0.70409683]
[ 0.11843626  0.02948439 -0.80084057 -0.96794369  0.92737038 -0.24602767]
[ 0.20642612 -0.84056985  0.36622857  0.86513342  0.15133051 -0.74776936]
[ 0.16344305  0.53269443 -0.18716693  0.7596755   0.29736591  0.79849784]
[ 0.24701062 -0.73742406 -0.38061658 -0.5964101   0.817653    0.52080013]
[ 0.35279674 -0.39806736 -0.63191046  0.51290218 -0.05168411 -0.5484209 ]
[ 0.23324396 -0.9193323  -0.34765949 -0.06288601 -0.70408333  0.96930896]
[-0.58180527 -0.73929374 -0.59293025  0.53812227 -0.14898868  0.13083188]
[-0.95798169 -0.93113738 -0.1083489   0.63331049  0.77047776 -0.82658686]
[ 0.0767262   0.82645937 -0.22405449  0.65913166 -0.73260869  0.87078898]
[ 0.50284664  0.88266879  0.35323447 -0.27319214  0.87636235 -0.44886645]
[-0.33565496  0.40161684  0.5306326   0.85880697 -0.59039518  0.59599607]
[ 0.47709211 -0.87241089 -0.22555372 -0.43446909 -0.39101915  0.96589376]
[ 0.28555483  0.43535232  0.95323527 -0.24559644  0.60368034 -0.13093807]
[ 0.73906734 -0.63868492  0.89537235 -0.56245658 -0.34755899  0.51238447]
[-0.21248972  0.21642275 -0.110853    0.48473987 -0.5433375  -0.88308403]
[-0.40014121 -0.05138267 -0.6639599  -0.29040542 -0.20003396 -0.88521631]
[ 0.1666145   0.76868686 -0.69651417  0.19561603  0.32947841 -0.16133064]
[ 0.40219517 -0.17853691  0.00927458 -0.98529391  0.38344023  0.32268536]
[-0.92319825 -0.26349979  0.95806368 -0.15852687  0.00389081  0.81986032]
[ 0.43452375  0.16414026  0.59560936  0.72873253 -0.08622386 -0.04978327]
[-0.22789813  0.93341228  0.39433251 -0.83355387  0.72591925 -0.03888012]
[-0.86249219  0.09943451 -0.16567144  0.75549881 -0.59201079  0.65292922]
[ 0.11537738 -0.89077939  0.9436906   0.02523049 -0.41824629 -0.06118632]
[ 0.71571557 -0.39019375 -0.61464721 -0.74185751 -0.4042812   0.56009617]
[-0.05674727 -0.54503679 -0.66763    -0.33454105  0.87984875 -0.31394657]
[ 0.97624815 -0.02953909 -0.64167216  0.78228018 -0.07928925  0.41934269]
[ 0.96742317 -0.8996493  -0.80661088  0.44091348 -0.43634999 -0.63139721]
[-0.92127624 -0.95630658  0.54897121 -0.73113315 -0.06455877  0.21179363]
[-0.1432964  -0.9457867   0.56700301 -0.97897355  0.52377979  0.78660899]
[-0.13432016  0.07108495 -0.04603321 -0.22158276  0.77484907  0.78786702]
[-0.32836727  0.23013951  0.85381512  0.924117    0.01791808 -0.09435039]
[-0.44261137  0.91774375 -0.71437139  0.15965915 -0.43489946 -0.44198342]
[-0.19006283  0.99758587 -0.89006739  0.15708364 -0.83485568 -0.69095834]
[-0.12087412  0.02092026 -0.48241518 -0.36708574 -0.82606596 -0.39356043]
[ 0.93311688  0.88941476 -0.33024342  0.14170787  0.81919078 -0.98763235]
[ 0.62136714  0.89673911 -0.81734853 -0.67710463  0.92149261  0.07508029]
[-0.97160673 -0.484736   -0.10011265  0.38581782  0.46632076  0.99084303]
[-0.4249776   0.0764402   0.0666471  -0.18870948 -0.66167621  0.95491313]
[ 0.70663437 -0.00333394  0.20649085 -0.54547789  0.08757414  0.38994027]
[ 0.03033406  0.98057034  0.22268331 -0.25805257  0.54430406 -0.65907498]
[-0.23096837 -0.3060821  -0.13638581  0.56355965 -0.03165394  0.5880289 ]
[ 0.15297781 -0.31586113  0.61995749 -0.52342066 -0.55123404  0.00900585]
[-0.47830151 -0.98182593  0.29659505  0.02218764 -0.10896437  0.93393703]
[ 0.14239837  0.72686316 -0.72109953  0.13841293  0.73595925  0.16621151]
[ 0.43602836 -0.25591286 -0.81510097 -0.08419941 -0.21104122  0.73412036]
[-0.5120094   0.93346846  0.91627624 -0.50473671 -0.30389609  0.79111148]
[ 0.93324444 -0.11312179 -0.35800591  0.05218803  0.37553841 -0.45305097]
[ 0.47294635 -0.89668529 -0.90141101 -0.22742459 -0.29305362 -0.36873357]
[-0.01796047 -0.35853284 -0.61548416 -0.3810609   0.94980855 -0.17777317]
[-0.11057445  0.15308998  0.96668154 -0.51679745  0.36256422  0.43196939]
[ 0.21464883 -0.82284332  0.35374455 -0.87181058  0.1922853   0.47916235]
[-0.57806022  0.68324402 -0.93929239  0.68762573 -0.0793419  -0.56482412]
[-0.73244371  0.90661434 -0.85466882 -0.60181316 -0.30435531  0.2404697 ]
[ 0.08960217 -0.74871302 -0.42054403 -0.52249646 -0.57291429 -0.17771133]
[ 0.40806291 -0.56509414 -0.26664224 -0.21816515  0.95291306  0.90933271]
[ 0.60027517 -0.51668216 -0.86392537 -0.36619172 -0.4664109   0.0118516 ]
[ 0.55545582  0.71664588  0.68972817 -0.28064888  0.37446869 -0.3743316 ]
[-0.87818891  0.40313053 -0.98034489 -0.18163483 -0.34124146  0.38675508]
[ 0.53249095 -0.39181073  0.62325403 -0.41216648 -0.10734728  0.45403705]
[ 0.38584046  0.97473694 -0.54967795  0.32463583  0.21936382  0.83019691]
[-0.68727572  0.50359633  0.13653723 -0.45066826 -0.05113017 -0.33244681]
[ 0.15862681  0.77800122  0.13860997  0.26344484  0.03749569 -0.89766899]
[-0.53428289 -0.01599654 -0.37952943 -0.6364728   0.00826568 -0.35438041]
[-0.48378471 -0.07202917 -0.73343148  0.85549147  0.7354042   0.41524117]
[-0.78757234  0.55175451  0.61591466  0.53552924 -0.77206823  0.28781591]
[ 0.66864959  0.1547068   0.29281475 -0.08327304  0.05741464 -0.93124628]
[ 0.27792604 -0.83710557 -0.12997081 -0.4146898   0.0908559  -0.73316733]
[ 0.3832868   0.59002307 -0.6732911  -0.79137383 -0.70896903  0.75425512]
[ 0.05637852 -0.06547801 -0.78657636  0.29911201  0.73599918  0.65637174]
[ 0.25210942 -0.84944257 -0.77520595 -0.90138203 -0.48504157 -0.72867707]
[-0.47990392 -0.22988389  0.88596557  0.22075212  0.66994757  0.420703  ]
[-0.77499374  0.47184081 -0.44980224  0.27821569 -0.31807605  0.99534453]
[-0.47289704 -0.44173906  0.86134451 -0.95071119  0.39337798  0.45065278]
[ 0.67275715  0.94887862  0.95120384 -0.86944648  0.64367865  0.29261987]
[ 0.29468427 -0.74330015  0.30037433  0.96496516  0.82363714 -0.12173868]
[-0.92010405 -0.27541302  0.65278062  0.4029982  -0.08131269 -0.88979693]
[-0.14621054 -0.06195012  0.85711107  0.28217221 -0.37669417  0.05063653]
[-0.86788938  0.94513647 -0.2798802  -0.04426529 -0.28943205  0.36502346]
[ 0.32446432  0.43064462 -0.46371354 -0.36866304 -0.74949754  0.31101994]
[-0.92040575  0.19536467  0.73939177  0.7816643  -0.10192448 -0.08139262]
[-0.84606163  0.34153005  0.64251884 -0.51068989 -0.15739824  0.67767867]
[ 0.75424094 -0.51364004  0.10114127 -0.6150137  -0.79624247  0.822241  ]
[ 0.64101501  0.5200698  -0.90246736  0.68745759 -0.12391185 -0.31520975]
[ 0.09295272 -0.81729351  0.5132931   0.16487015 -0.62681981 -0.6235356 ]
[-0.6315027  -0.88599522  0.1755969   0.68069636 -0.96500357 -0.90199071]
[ 0.14554055  0.63899137 -0.34652222 -0.3007712   0.19269299 -0.45157422]
[-0.94678327  0.47045704  0.25129983  0.161512    0.48336826  0.35046168]
[-0.58823602 -0.29503791 -0.74777972 -0.74028597  0.35239149  0.71720021]
[ 0.92546517  0.25669424 -0.63179735 -0.78869931  0.62570194  0.15751295]
[ 0.23657004  0.56292418  0.40655446  0.66891651 -0.88757219  0.49504127]
[ 0.70170551 -0.42772992  0.28089455 -0.37167587  0.91594213 -0.93315286]
[ 0.15958569 -0.66699291  0.42444041 -0.64821943 -0.52923348 -0.01125838]
[ 0.8296699  -0.57657126 -0.71151996  0.51795366  0.00123906  0.82357022]
[-0.70677089  0.29185579 -0.53424171 -0.68647914  0.36685883  0.18736924]
[ 0.50965492 -0.38107485 -0.10405669 -0.18905665  0.96817893 -0.41550209]
[-0.41036552 -0.29090358  0.12918816 -0.49535451  0.83057988 -0.46862887]
[ 0.79163146 -0.79304987  0.3131254   0.81397104 -0.66250112  0.93665392]
[-0.09423328  0.89143022  0.35364009 -0.39682626 -0.62339495 -0.39252991]
[-0.81396518 -0.71226407 -0.79067912 -0.15411291  0.59115675 -0.71723289]
[-0.73935913  0.2868579  -0.60563404 -0.80477992 -0.66630284  0.84746279]
[ 0.64294251 -0.29187088  0.31164153  0.07455135  0.35424853  0.3653423 ]
[ 0.25746803 -0.46779726 -0.92198716 -0.08886644  0.78194777  0.13899452]
[ 0.66478208  0.98324869 -0.67276759  0.38355528  0.34858715  0.95991089]
[ 0.97120147  0.37335722 -0.51277042  0.59711168 -0.78594173  0.56139861]
[ 0.82039225 -0.23433321  0.26127059 -0.13971454 -0.12446989 -0.37925822]
[ 0.52425924  0.87235313  0.88150172 -0.65043743  0.7494873   0.47486288]
[-0.4943252  -0.86543077 -0.46400547  0.82441647  0.26635735  0.44210932]
[-0.4856953   0.43877631 -0.94375699 -0.24935731  0.2535067  -0.70780687]
[ 0.64600715 -0.5299374   0.30456223 -0.18960571  0.19208719 -0.78509889]
[-0.9661744   0.81912885 -0.46073998  0.63935401  0.9987006  -0.57713748]
[-0.46965852  0.32571958  0.93089727  0.8316287   0.00575104  0.59022057]
[-0.72850829  0.95487637  0.92870647 -0.67254208 -0.40115375 -0.79969   ]
[-0.4565648   0.63191158 -0.24336879 -0.82320607 -0.31554895  0.96276667]
[ 0.25936719 -0.16767811 -0.66692297  0.97235359  0.64169802 -0.4370454 ]
[-0.85986261 -0.88674889 -0.7592437   0.16153717  0.85752684 -0.00651314]
[ 0.68589096 -0.10822676  0.41716709  0.46374547 -0.65207259 -0.27756788]
[ 0.27460431 -0.85860678 -0.27691962  0.06959893  0.99244899 -0.05093287]
[ 0.63211351 -0.13586543  0.59278145  0.1908296   0.77319088 -0.1781149 ]
[ 0.20860884  0.26003736 -0.16523412 -0.71137591 -0.81288119 -0.9666569 ]
[ 0.74706853 -0.52705018 -0.5769865   0.4720708  -0.35996777  0.01208938]
[-0.67497787  0.91949144  0.7031628   0.72757925 -0.1864525   0.52472243]
[-0.71224769 -0.98276199 -0.96005413  0.17320347 -0.08921019  0.0360307 ]
[-0.98507372 -0.15462676  0.43613632 -0.1146126   0.46443841 -0.53396207]
[ 0.62628401  0.17686248 -0.5784738  -0.52655905  0.25606093  0.65987919]
[-0.16874444 -0.48339914  0.73402321  0.33853658 -0.10382903 -0.02419961]
[-0.59148706  0.25360526 -0.28251498  0.99129035 -0.03963297 -0.02822879]
[ 0.13170357  0.83351201  0.6016362  -0.09773986  0.43739853  0.172471  ]
[-0.0152659  -0.61536845 -0.07212747 -0.50836283  0.8296843  -0.32918637]
[ 0.90452803  0.06611058  0.26308876  0.08588089 -0.74123877 -0.24835756]
[-0.80170778  0.24590809 -0.10625161  0.55596994 -0.55905904 -0.67086788]
[-0.18733554  0.85317077  0.42084363 -0.16215275  0.03454434 -0.83157398]
[ 0.96915179  0.33281461 -0.42919186  0.17161679 -0.78103527  0.93167334]
[-0.65043002  0.29606064 -0.50909107  0.43512277  0.55364273  0.34683946]
[ 0.22899892  0.78493819 -0.84274658 -0.33817047 -0.50342504  0.97602792]
[-0.22122044  0.4652254   0.36945033 -0.57583753 -0.52200464 -0.43743087]
[-0.17774544 -0.53134987 -0.96069703  0.75878611  0.93121966 -0.31685923]
[-0.32298624 -0.98581637  0.36050138  0.65087979 -0.7067834  -0.6806673 ]
[ 0.5801665   0.2325815  -0.91027888  0.24509398 -0.38216455 -0.26254969]
[ 0.53946284  0.62187039 -0.19928675  0.89430587 -0.18707456  0.54367207]
[-0.03224547  0.79506465  0.81552249 -0.82516638  0.87298666  0.65106968]
[ 0.58262143 -0.59817732  0.61023842  0.70026547 -0.42169933  0.90452016]
[-0.90027971 -0.70018149  0.07516228  0.15158494  0.29030017 -0.96606174]
[ 0.92073355 -0.91082381 -0.71387609 -0.97197096  0.13371687  0.86453377]
[ 0.33189433  0.64531494 -0.97343759  0.0840306  -0.08087404 -0.00206411]
[-0.85557363  0.36887072  0.00644083  0.5302977  -0.02941873 -0.70123673]
